code,title,size,image_url,torrent_url,tags,actresses,date,page_url
RAPD014,人妻椅子拘束 拉致監禁玩具責めに理性崩壊！！ 身動き取れない強●連続絶頂でアヘ顔イキ地獄！！ 多田有花,3.3 GB,https://pics.dmm.co.jp/mono/movie/adult/rapd014/rapd014pl.jpg,https://onejav.com/torrent/rapd014/download/50674351/onejav.com_rapd014.torrent,"Drama, Married Woman, Mature Woman, Restraint, Solowork",多田有花,2026-09-20,https://onejav.com/torrent/rapd014
458ZOOO308,『母さん、その身体は反則だよ』 艶めく肢体と敏感美乳…欲求不満な四十路スレンダー母さん、今、熟れ頃です。 10名収録 240分 多田有花 真崎理恵子 森美希 青山涼香 姫川礼子,9.2 GB,https://image.mgstage.com/images/zooo/458zooo/308/pb_e_458zooo-308.jpg,https://onejav.com/torrent/458zooo308/download/98584619/onejav.com_458zooo308.torrent,"4HR+, Amateur, Married Woman, Mature Woman, Slender","植木翔子, 君嶋かほる, 松永雪子, 池谷佳純, 森美希, 青山涼香, 真崎理恵子, 多田有花, 姫川礼子, 春谷美雨",2026-09-14,https://onejav.com/torrent/458zooo308
REBD1042,Yuuka2 琥珀色の慕情・多田有花,3.0 GB,https://pics.dmm.co.jp/mono/movie/adult/h_346rebd1042/h_346rebd1042pl.jpg,https://onejav.com/torrent/rebd1042/download/90900256/onejav.com_rebd1042.torrent,"AV女優, Big Tits, Image Video, Sexy, Solowork, Tall",多田有花,2026-06-18,https://onejav.com/torrent/rebd1042
NSFS465,寝取られの館16 ～ダッチワイフにされた妻～ 多田有花,5.2 GB,https://pics.dmm.co.jp/mono/movie/adult/nsfs465/nsfs465pl.jpg,https://onejav.com/torrent/nsfs465/download/47153754/onejav.com_nsfs465.torrent,"3P, 4P, Cuckold, Drama, Married Woman, Mature Woman, Solowork",多田有花,2026-03-21,https://onejav.com/torrent/nsfs465
NEO846,セーラー服熟女失禁羞恥 多田有花,5.4 GB,https://pics.dmm.co.jp/mono/movie/adult/433neo846/433neo846pl.jpg,https://onejav.com/torrent/neo846/download/85320110/onejav.com_neo846.torrent,"BIGセール, Cosplay, Mature Woman, Outdoors, Shame, Solowork, Urination",多田有花,2026-02-28,https://onejav.com/torrent/neo846
GMA090,緊縛調教妻 縄の快楽に取り憑かれたマゾ妻の痴態。夫が交通事故で無くした記憶に隠された秘密 多田有花,4.9 GB,https://pics.dmm.co.jp/mono/movie/adult/gma090/gma090pl.jpg,https://onejav.com/torrent/gma090/download/94950779/onejav.com_gma090.torrent,"Humiliation, Mature Woman, Restraints, SM, Solowork",多田有花,2026-02-12,https://onejav.com/torrent/gma090
NSFS421,熟母36 ～いじめっ子にやられた母さんのカラダ～ 多田有花,6.0 GB,https://pics.dmm.co.jp/mono/movie/adult/nsfs421/nsfs421pl.jpg,https://onejav.com/torrent/nsfs421/download/52589709/onejav.com_nsfs421.torrent,"Drama, Incest, Mature Woman, Mother, Solowork",多田有花,2025-10-11,https://onejav.com/torrent/nsfs421
KAM257,眠泊 みんぱく 実録盗撮民泊カップル昏●姦 宿泊名簿 File No.3 多田有花,5.2 GB,https://pics.dmm.co.jp/mono/movie/adult/kam257/kam257pl.jpg,https://onejav.com/torrent/kam257/download/78051854/onejav.com_kam257.torrent,"Big Tits, Creampie, Married Woman, Mature Woman, Solowork, Voyeur",多田有花,2025-09-12,https://onejav.com/torrent/kam257
XMOM97,ベロ舐め変態倶楽部 多田有花,4.4 GB,https://pics.dmm.co.jp/mono/movie/adult/h_086xmom97/h_086xmom97pl.jpg,https://onejav.com/torrent/xmom97/download/10240375/onejav.com_xmom97.torrent,"3P, 4P, Creampie, Kiss, Married Woman, Mature Woman, Solowork",多田有花,2025-08-28,https://onejav.com/torrent/xmom97
REBD958,Yuuka Burning Passion・多田有花,3.4 GB,https://pics.dmm.co.jp/mono/movie/adult/h_346rebd958/h_346rebd958pl.jpg,https://onejav.com/torrent/rebd958/download/81559581/onejav.com_rebd958.torrent,"AV女優, Big Tits, Image Video, Sexy, Solowork, Tall",多田有花,2025-08-07,https://onejav.com/torrent/rebd958
